entry 0x400805f0
Writing file: /hello.txt
.Reading file: /lognum.txt
Writing file: /lognum.txt
Writing file: /FN0024robot.txt
0 11.612,15.2, 1.0, 0.0,1500,1500,15.00,   0,-43.0
49 11.864,15.2, 1.0, 0.0,1500,1500,15.00,   0,-12.3
98 12.122,15.2, 1.0, 0.0,1500,1500,15.00,   0,-35.3
147 12.374,15.2, 1.0, 0.0,1500,1500,15.00,   0,-12.3
196 12.632,15.2, 1.0, 0.0,1500,1500,15.00,   0, 4.9
244 12.884,15.2, 1.0, 0.0,1500,1500,15.00,   0, 6.8
292 13.142,15.2, 1.0, 0.0,1500,1500,15.00,   0, 1.1
340 13.394,15.2, 1.0, 0.0,1500,1500,15.00,   0,16.4
388 13.652,15.2, 1.0, 0.0,1500,1500,15.00,   0,22.1
436 13.904,15.2, 1.0, 0.0,1500,1500,15.00,   0,-16.2
485 14.167,15.2, 1.0, 0.0,1500,1500,15.00,   0,26.0
533 14.424,15.2, 1.0, 0.0,1500,1500,15.00,   0,-6.6
581 14.677,15.2, 1.0, 0.0,1500,1500,15.00,   0, 8.7
629 14.934,15.2, 1.0, 0.0,1500,1500,15.00,   0,-10.4
678 15.186,15.2, 1.0, 0.0,1500,1500,15.00,   0,-0.8
726 15.444,15.2, 1.0, 0.0,1500,1500,15.00,   0,-12.3
775 15.696,15.2, 1.0, 0.0,1500,1500,15.00,   0,-6.6
823 15.954,15.2, 1.0, 0.0,1500,1500,15.00,   0,18.3
871 16.206,15.2, 1.0, 0.0,1500,1500,15.00,   0,10.6
Guru Meditation Error: Core  1 panic'ed (LoadStoreAlignment). Exception was unhandled.